63925
28767
29075
40568
7258
7893
42728
47266
6393
16014
15330
54119
25144
36179
11928
5409
59483
59209
63802
52124
60274
35592
28538
21878
14385
13614
40393
57205
8718
23956
64159
26121
44900
44346
48151
45694
45107
2923
26741
47859
27543
1751
11755
49717
21490
35980
22644
21240
48002
48956
29409
8088
56337
50495
36339
30205
2421
49026
35933
17740
35193
1879
41025
15039
4423
51506
50573
45657
10782
5857
36720
47624
59936
24881
9610
12222
17280
46908
37513
47013
16866
15679
16622
28003
35861
38396
40696
29659
25893
52350
48974
61734
50243
287
31864
18990
21500
20399
12422
10496
47290
13941
46033
48290
12554
6686
48318
53143
55628
16949
18978
36047
52632
100
53644
47274
22681
21289
1430
36472
62113
44665
11693
35104
14900
8955
60346
61820
19484
39625
37927
54470
3593
37221
50377
56136
35056
36918
65246
39405
22836
55669
45754
18981
22361
21829
24542
6519
54670
55327
21969
26389
25258
51929
57326
38931
49813
46000
35841
40201
23734
63802
4148
43934
31628
54275
37748
1706
27206
58969
46060
22016
26596
33663
15334
1534
65387
48251
40582
21750
9293
49456
56772
9130
21914
48324
41391
48269
29705
50317
312
42382
10954
46419
44561
10331
9052
29639
64125
42756
26137
14048
6359
36270
34092
38307
17469
57088
37797
37386
28466
65330
40758
55356
3029
43726
59037
47315
24709
32983
26986
56892
13983
26179
38336
31980
3799
24820
48713
25698
8905
38016
62405
18385
33993
27118
47971
14680
35143
57020
39521
21978
10022
42461
23115
12870
12758
30871
23533
45509
47043
23543
64413
32405
40251
3067
29926
43607
58967
26051
30443
48587
25894
59542
41905
16398
31603
63572
951
650
54368
54610
25212
5410
57539
33804
63687
32259
9526
35959
31757
48687
10566
23473
61554
59244
59197
40270
39396
61006
49958
27083
22981
54103
18669
10351
14088
56716
44113
22932
57230
5870
25768
44566
38988
29920
23060
16127
22455
875
15399
61478
2046
16173
33599
63371
7803
48746
49262
48051
38974
56045
41894
13303
55896
15305
8116
18503
7283
44158
24314
22788
42717
26192
38378
48431
57247
56645
57430
11228
36249
54350
10186
22398
55936
18456
62204
36042
1510
64983
918
40360
53703
53147
55314
22876
60740
19041
48625
2000
53715
49037
52325
60701
2946
29676
17543
34360
62126
17966
51332
40568
48882
44516
11096
22881
11333
50997
17587
890
56920
46706
60648
49616
18465
50690
45449
49277
14170
30963
53417
10131
43774
26887
58681
8445
20895
12474
28254
31718
50717
9360
62688
49430
18409
2912
12363
49559
32049
61289
53322
7277
39367
8770
51564
56088
45871
32769
32273
60812
53692
17141
20504
63314
32114
29970
1297
59113
48373
26305
37051
14501
12787
63724
59261
29990
47841
59775
14219
31667
41616
25319
37668
59452
23635
34918
41833
30166
23705
38553
20907
38827
8950
61844
36699
48489
45335
25822
4808
21457
45882
13676
17212
45120
40850
65219
57799
48396
13331
47905
42901
38646
31314
40679
63208
59213
59682
29160
27599
54767
16446
59877
7252
1840
19733
55490
26907
30515
13811
10966
36292
50127
4983
7898
36794
55932
15542
32005
37138
12001
33321
3794
63398
58156
49987
10325
50510
21201
33845
44942
8352
36341
61872
61960
36119
48357
45252
34125
2355
29288
57064
59348
2113
26539
16992
9774
34619
22208
13161
14212
51231
61489
41942
25957
14311
42643
39495
63876
51431
3781
51530
45230
28763
20299
50865
28959
16910
57931
1381
23533
54114
16261
41324
10577
36503
47965
27568
32486
37843
34996
26368
33127
50600
47810
6769
47484
63122
60602
7316
45280
39654
50427
63406
43776
23140
29510
50857
1591
50550
732
34349
10585
59117
32037
14914
10391
31625
25995
30848
19750
1938
44516
13847
28827
34794
27220
37264
14373
548
61030
44779
159
7662
43284
13085
4974
19571
48465
57125
8507
55215
36429
46136
9046
48973
64620
46903
35573
14730
20
15012
63250
26736
27745
49543
45638
44336
37728
23456
43620
34941
4721
27090
57204
9688
25990
14745
59366
15609
54796
56649
55271
34384
41936
11691
56011
29143
48739
26073
8943
28939
18823
19713
34585
63793
23140
14433
32823
24924
41697
17281
4038
4882
1964
10959
64066
52349
45471
3652
18991
17035
65393
44115
7098
36905
42582
6599
40659
2155
19038
42803
12914
9155
16303
10477
40780
65367
65263
43243
14169
55406
1808
13087
59895
57365
30661
51872
59083
62340
4228
6458
60344
10317
33268
22798
53481
38479
6609
43529
53454
30998
56667
10374
44547
13562
41740
61570
32174
17923
52082
54936
3880
54805
57638
12044
47441
6299
54051
63607
38756
29481
14643
15469
51819
32605
21158
23122
18000
39465
18804
12351
43379
47810
62053
261
244
57041
25437
28160
37253
24041
36455
38143
29213
49715
49188
10010
10863
25549
46541
14901
36775
30215
42890
23933
48767
44346
29270
40567
36452
18552
14073
18852
61157
30429
41974
13450
53908
38030
29981
51229
8621
6703
57082
10202
30501
51816
58508
7156
29883
22284
25931
37280
23079
33249
54851
58515
22859
30513
34229
56789
14630
37216
21218
40700
7103
55304
26202
6999
19555
53736
36869
27498
33770
51810
424
10237
64529
37023
36141
6586
27145
17181
59267
18079
48924
44400
41464
45113
38164
35526
9845
45628
61204
3443
32181
47531
30508
62904
39695
11977
24897
22346
22162
43173
25915
45399
50659
27987
57608
59029
52444
34716
46879
56916
12965
22135
15388
33576
21798
65080
54759
33563
28013
62318
27931
44988
53833
28110
40437
23784
32042
47896
38307
21285
26242
34836
41771
14619
56496
32210
58618
5731
26940
19566
54607
19389
62979
2048
15558
4359
56624
51566
47968
60256
13756
55447
24968
17606
47358
22875
64663
13761
59062
62989
51396
63541
53851
20964
13857
25561
10318
380
41744
14347
17020
18506
11521
65350
31735
9443
38013
42331
43101
7337
17288
48696
39144
24267
43518
16041
50179
63540
47694
34368
28438
64189
32469
204
33768
19325
44215
63942
34004
47956
12576
5117
50205
41763
59727
65258
9417
22481
47375
47246
44253
55939
48797
57893
9219
29820
29284
19988
54425
52550
38193
4584
25193
10821
11315
40734
1982
10721
47110
62475
35286
34651
57119
4776
57009
28772
64653
217
64136
12222
15986
33773
6347
31290
5097
8945
17866
27127
46295
18517
2389
8351
12090
22114
4589
